00000000000000000000
00000000000000000000
00000000000000000000
00000000000000000000
00000000000000000000
00000000000000000000
00000000000000000000
00000000011010000000
00000010011100100000
00000001101100110000
00000010111111011000
00000001111011000000
00000101110110100000
00000011010010100000
00000000100100000000
00000000000000000000
00000000000000000000
00000000000000000000
00000000000000000000
00000000000000000000
0;NONE
1;[0.8,0.2];Pidgey:([2,3,4],[0.3,0.3,0.4])&Staravia:([4,5,6],[0.3,0.3,0.4])
